0.0 0.000000 0.000000 0.000000 0.000000 0.000000 0.000000 1.000000
0.1 0.010016 -0.006932 -0.004495 -0.002474 0.005115 -0.001401 0.999983
0.2 0.027832 -0.028155 -0.015371 -0.005210 0.008162 -0.000836 0.999953
0.3 0.054828 -0.067370 -0.029336 -0.006806 0.013194 0.000040 0.999890
3.5 0.266314 -0.372354 -0.147659 -0.076091 0.052116 0.002048 0.995736
4.550000128 0.261043 -1.300884 -0.381506 -0.023109 0.078851 -0.019111 0.996435
5.8 0.251448 -1.212265 -0.384395 -0.057706 0.074716 -0.006792 0.995511
7.6 0.192911 -1.472905 -0.419095 0.015229 0.077131 0.000611 0.996904
9.250000128 0.236895 -0.557945 -0.467503 -0.292136 0.059488 0.014674 0.954412
9.650000128 0.214700 -0.591086 -0.495497 -0.267413 0.060327 0.021200 0.961458
10.050000128 0.137121 -0.597371 -0.566169 -0.253257 0.073249 0.026909 0.964246
10.5 0.075388 -0.592793 -0.605101 -0.251771 0.061158 0.019429 0.965657
11.150000128 0.234919 -0.591331 -0.577202 -0.258439 0.063620 0.019230 0.963739
11.6 0.836638 -0.653440 -0.497594 -0.255000 0.097258 0.033068 0.961469
11.950000128 1.306841 -0.677749 -0.444411 -0.251908 0.116861 0.041496 0.959773
12.3 1.505562 -0.658631 -0.411092 -0.231574 0.123023 0.048853 0.963770
15.250000128 1.387843 -0.573651 -0.371475 -0.262181 0.115785 0.057555 0.956317
16.050000128 0.744328 -0.570271 -0.313045 -0.258521 0.086288 0.047163 0.960987
17.450000128 0.269637 -0.308324 -0.855699 -0.212004 0.236002 0.159980 0.934753
17.8 0.820136 -0.339520 -0.884891 -0.209433 0.300543 0.178435 0.913221
19.7 0.099111 -0.281110 -0.631405 -0.229763 0.104840 0.079051 0.964349
20.150000128 0.873423 -0.348484 -0.739138 -0.210820 0.220724 0.109040 0.946016
20.6 1.374772 -0.588428 -0.332627 -0.186049 0.222335 0.105326 0.951241
21.950000128 0.455897 -0.565197 -0.802849 -0.185172 0.166991 0.066943 0.966097
22.450000128 0.002466 -0.520672 -1.051267 -0.182055 0.142318 0.065266 0.970743
22.950000128 -0.099140 -0.691083 -0.565358 -0.157973 0.060624 0.009643 0.985533
23.950000128 0.797439 -0.516928 -0.248131 -0.135832 0.085695 0.021178 0.986792
24.5 0.564480 -0.308451 0.112774 -0.049299 -0.030961 -0.015086 0.998190
25.850000128 0.498313 -0.125913 0.340011 0.011555 -0.092573 -0.040215 0.994826
38.650000128 0.506677 -0.120697 0.324813 0.009425 -0.097233 -0.042227 0.994321
39.050000128 0.629467 -0.092599 0.199260 -0.032128 -0.068106 -0.058014 0.995472
39.450000128 0.741723 -0.258943 0.056136 -0.036756 -0.069029 -0.069600 0.994505
42.0 1.445280 -1.567987 0.870605 -0.028829 0.023777 -0.029176 0.998876
42.450000128 1.766941 -1.715648 1.107998 -0.029212 0.010532 -0.008898 0.999478
42.9 2.313441 -1.888979 1.447778 -0.024449 0.016766 -0.024939 0.999249
43.9 3.731982 -1.988331 2.273033 -0.020660 0.021959 -0.029312 0.999115
45.0 5.003031 -2.384342 2.933165 -0.026172 0.017472 -0.037687 0.998794
46.0 6.159061 -3.128338 3.582760 -0.021745 0.017635 -0.025129 0.999292
46.550000128 6.954866 -3.380767 4.014426 -0.020001 0.032207 -0.036785 0.998604
47.1 7.525785 -3.754467 4.406776 -0.029173 0.021458 -0.045754 0.998296
48.3 8.214033 -4.171880 5.836282 -0.025606 0.005612 -0.041600 0.998790
48.850000128 8.487474 -4.404065 6.577818 -0.040345 -0.004872 -0.033044 0.998627
49.350000128 8.806402 -4.882555 7.419636 -0.031066 -0.007462 -0.029603 0.999051
49.8 9.214394 -5.186436 8.254621 -0.023259 -0.013027 -0.044978 0.998632
50.350000128 9.652268 -5.602163 9.264150 -0.039687 -0.022747 -0.041741 0.998081
50.850000128 10.077984 -6.129626 10.316216 -0.033554 -0.019670 -0.040499 0.998422
51.350000128 10.573937 -6.288088 11.563846 -0.004540 -0.005890 -0.067144 0.997716
51.950000128 10.929961 -6.475599 12.768216 -0.024821 -0.017179 -0.050662 0.998260
52.5 11.150113 -6.629169 13.828684 -0.005606 -0.023122 -0.039966 0.998918
53.050000128 11.373571 -7.042522 14.647985 -0.023959 -0.017839 -0.049643 0.998320
53.7 11.675746 -7.278441 15.685088 -0.025058 -0.016593 -0.040756 0.998717
54.350000128 12.201529 -7.444731 16.777456 -0.017797 -0.015987 -0.031142 0.999229
55.0 12.961834 -7.563003 17.726301 -0.021443 -0.013980 -0.036292 0.999013
55.650000128 13.781207 -7.818869 18.497591 -0.020549 -0.012649 -0.037783 0.998995
56.2 14.462095 -8.146132 19.009190 -0.015876 -0.007072 -0.046891 0.998749
56.9 15.158012 -8.291677 19.692362 -0.033974 -0.005437 -0.039409 0.998631
57.450000128 15.703752 -8.678111 20.249947 -0.016468 -0.007252 -0.042695 0.998926
58.7 16.797451 -8.984110 21.350019 -0.013353 0.072807 -0.020963 0.997036
63.250000128 18.023354 -9.474936 20.985481 -0.036932 0.183851 0.033105 0.981702
64.0 18.325747 -9.108697 20.733286 -0.032601 0.231567 0.032893 0.971716
65.5 18.810049 -8.667983 20.595844 -0.046099 0.298159 0.059701 0.951531
67.0 20.461397 -8.546966 21.851580 -0.057778 0.323985 0.073740 0.941413
67.7 21.520847 -8.896666 22.912142 0.014934 0.319802 0.075404 0.944361
71.050000128 27.445782 -9.673973 25.582115 -0.000770 0.439597 0.106467 0.891862
71.650000128 28.320450 -9.882948 25.741587 0.001415 0.434697 0.118413 0.892757
72.150000128 28.907269 -10.116199 25.699665 0.006352 0.434836 0.119850 0.892476
73.150000128 29.801897 -10.047998 24.948133 0.002931 0.487881 0.101841 0.866944
76.850000128 25.887920 -9.357612 21.922937 0.014972 0.700329 0.212666 0.681241
77.4 25.230747 -9.030763 21.396160 -0.015358 0.687134 0.234044 0.687629
77.950000128 25.018581 -8.655416 20.816776 0.003895 0.699430 0.209942 0.683159
78.5 24.947487 -8.425167 20.216167 -0.001050 0.706255 0.208087 0.676685
79.050000128 24.898109 -8.222645 19.705935 -0.002872 0.711414 0.206011 0.671894
79.6 24.807634 -7.698332 19.521139 0.020636 0.728920 0.184105 0.659056
80.7 23.550032 -7.121072 18.585239 0.012441 0.727444 0.219912 0.649854
81.3 22.709986 -6.820399 17.768911 0.027180 0.726437 0.208127 0.654396
81.950000128 21.461933 -6.091776 16.924004 0.022034 0.743455 0.234717 0.625857
82.5 20.390846 -5.833504 15.969727 0.002885 0.747530 0.232924 0.622042
83.150000128 19.335003 -5.626854 14.860968 0.006772 0.741617 0.220121 0.633645
83.7 18.453512 -5.508754 14.002008 0.017732 0.737484 0.229758 0.634833
84.250000128 17.597820 -5.044406 13.121718 0.008955 0.742153 0.234916 0.627648
84.750000128 16.896847 -4.790122 12.210133 0.013061 0.752023 0.221366 0.620715
85.2 16.213224 -4.329707 11.565454 0.011197 0.755978 0.217620 0.617263
85.550000128 15.679504 -3.859090 11.192568 -0.021516 0.727620 0.246210 0.639912
85.950000128 15.360754 -3.636551 10.697775 -0.008670 0.731854 0.206619 0.649325
87.850000128 14.076194 -3.034878 10.398149 0.001797 0.728271 0.205769 0.653665
88.350000128 13.829193 -2.584097 10.768023 0.039090 0.715114 0.253485 0.650253
89.250000128 13.801711 -2.091222 10.432288 -0.025151 0.730109 0.219623 0.646587
89.950000128 14.603957 -1.733020 10.456099 -0.044983 0.730161 0.191963 0.654210
90.5 15.449341 -1.821190 11.078539 0.014424 0.716932 0.206971 0.665555
91.750000128 16.681728 -1.897130 12.312075 -0.010649 0.709804 0.225027 0.667404
92.4 17.511108 -2.041015 12.804349 0.008249 0.713125 0.207265 0.669646
93.050000128 18.290184 -2.238593 13.298392 -0.016650 0.708252 0.225548 0.668753
93.850000128 19.622673 -2.431224 14.030073 0.013499 0.714442 0.204975 0.668861
94.6 20.575470 -2.290722 14.910131 0.003923 0.705152 0.233643 0.669445
95.4 21.751801 -2.473245 15.524966 -0.015979 0.707726 0.210047 0.674351
96.9 24.742676 -3.190232 17.604542 -0.004627 0.737225 0.209783 0.642237
97.750000128 26.200705 -3.781320 19.047342 0.010630 0.740044 0.228156 0.632588
98.450000128 26.995193 -4.008669 20.016357 0.011916 0.653854 0.190298 0.732202
99.2 27.409769 -4.250629 20.719677 0.003930 0.551248 0.159637 0.818918
100.0 27.761703 -4.469505 21.185801 -0.012188 0.406141 0.102113 0.908005
103.150000128 28.021042 -4.913348 23.895004 -0.009255 0.214232 0.028886 0.976312
103.950000128 27.357527 -5.675477 24.223923 -0.014479 0.037615 -0.047031 0.998080
104.650000128 26.430748 -6.087295 24.340387 -0.003895 -0.017905 -0.052823 0.998436
105.350000128 25.372692 -6.163433 24.142065 -0.009472 0.005389 -0.047774 0.998799
106.050000128 24.160114 -6.311470 23.586967 -0.004626 -0.008612 -0.074126 0.997201
106.9 22.049635 -6.288028 22.385466 -0.062772 -0.135389 -0.102800 0.983444
107.850000128 19.456303 -6.751313 21.356291 -0.005935 -0.133122 -0.062355 0.989118
109.350000128 17.016266 -5.570767 18.995169 0.003636 -0.109630 -0.082856 0.990506
109.950000128 16.222374 -4.620717 17.628662 -0.000763 -0.110542 -0.079472 0.990689
110.6 15.381798 -4.050908 15.687119 -0.016459 -0.109580 -0.076510 0.990892
111.3 14.428562 -3.746912 13.621286 -0.034799 -0.102742 -0.080229 0.990856
112.050000128 13.316438 -3.038362 12.035952 -0.043565 -0.105668 -0.083910 0.989897
112.750000128 12.203201 -2.729680 11.195492 -0.036342 -0.125639 -0.033969 0.990828
113.5 11.744220 -2.098086 11.082324 -0.009952 -0.119108 -0.067748 0.990517
117.850000128 12.358527 -1.281323 10.876840 0.005974 0.341516 0.107801 0.933654
119.050000128 13.467889 -0.621653 10.889114 0.000737 0.385407 0.101252 0.917175
120.2 14.969876 -0.324427 10.562195 -0.043509 0.403323 0.112955 0.907017
121.3 16.820076 -0.355794 11.260336 -0.026041 0.412707 0.102323 0.904723
122.4 18.575068 -0.593457 12.729067 -0.015369 0.413779 0.097911 0.904966
123.5 19.919699 -0.878293 13.985593 -0.050579 0.424895 0.121543 0.895619
124.5 21.873837 -1.556161 15.589197 -0.012616 0.420220 0.109434 0.900711
125.4 23.680313 -2.006382 17.109053 -0.035193 0.430835 0.110301 0.894973
129.3 25.894775 -5.122716 25.158463 0.014473 0.387185 0.087181 0.917757
130.250000128 24.883146 -5.545854 25.235302 0.044882 0.380727 0.104143 0.917707
131.2 23.682032 -5.140903 23.203506 -0.005548 0.393538 0.090952 0.914781
132.2 22.078075 -4.623716 20.634722 -0.011142 0.385711 0.086078 0.918528
133.3 20.252939 -4.013513 18.418489 -0.006616 0.390519 0.113138 0.913592
134.5 18.726065 -3.554663 16.440075 -0.005676 0.413004 0.097262 0.905503
138.350000128 12.157231 -2.472511 9.148184 -0.022325 0.194709 0.030176 0.980143
139.550000128 10.898418 -2.315411 7.521428 -0.030330 0.150436 0.013433 0.988063
142.250000128 7.925434 -2.723725 5.578403 -0.003388 0.165126 0.006217 0.986247
144.650000128 3.918732 -1.753775 2.527902 -0.012313 0.177510 0.017373 0.983889
145.7 2.310254 -1.302711 1.400030 -0.023547 0.172862 0.016882 0.984520
146.7 1.199801 -1.019404 0.532589 -0.023966 0.186276 0.026597 0.981845
150.4 0.161525 -0.165788 -0.082792 -0.026234 0.074283 0.012074 0.996819
151.3 0.354230 -0.009095 0.009644 0.025408 0.048255 0.015196 0.998396
